1	1	1	2	
2	2	2	3	
3	2	3	4	
4	2	4	5	
5	3	5	6	
6	3	6	7	
7	3	7	8	
8	3	8	9	
9	3	9	10	
10	3	10	11	
11	3	11	12	
12	3	12	13	
13	3	13	14	
14	3	14	15	
15	2	15	16	
16	2	16	17	
17	3	17	18	
18	3	18	19	
19	2	20	21	
20	3	21	22	
21	3	22	23	
22	3	23	24	
23	3	24	25	
24	3	25	26	
25	3	26	27	
26	3	27	28	
27	3	28	29	
28	3	29	30	
29	3	30	31	
30	3	31	32	
31	3	32	33	
32	3	33	34	
33	3	34	35	
34	3	35	36	
35	3	36	37	
36	3	37	38	
37	3	39	40	
38	3	40	41	
39	3	41	42	
40	3	42	43	
41	3	43	44	
42	3	44	45	
43	3	45	46	
44	3	46	47	
45	3	47	48	
46	3	48	49	
47	3	49	50	
48	3	50	51	
49	3	51	52	
50	3	52	53	
51	3	53	54	
52	3	54	55	
53	3	55	56	
54	3	56	57	
55	2	58	59	
56	3	59	60	
57	3	60	61	
58	3	61	62	
59	3	62	63	
60	3	63	64	
61	3	64	65	
62	3	65	66	
63	3	66	67	
64	3	67	68	
65	3	68	69	
66	3	69	70	
67	3	70	71	
68	3	71	72	
69	3	72	73	
70	3	73	74	
71	3	74	75	
72	2	75	76	
73	3	77	78	
74	3	78	79	
75	3	79	80	
76	3	80	81	
77	3	81	82	
78	3	82	83	
79	3	83	84	
80	3	84	85	
81	3	85	86	
82	3	86	87	
83	3	87	88	
84	3	88	89	
85	3	89	90	
86	3	90	91	
87	3	91	92	
88	3	92	93	
89	3	93	94	
90	2	94	95	
91	3	96	97	
92	3	97	98	
93	3	98	99	
94	3	99	100	
95	3	100	101	
96	3	101	102	
97	3	102	103	
98	3	103	104	
99	3	104	105	
100	3	105	106	
101	3	106	107	
102	3	107	108	
103	3	108	109	
104	3	109	110	
105	3	110	111	
106	3	111	112	
107	3	112	113	
108	2	113	114	
109	3	115	116	
110	3	116	117	
111	3	117	118	
112	3	118	119	
113	3	119	120	
114	3	120	121	
115	3	121	122	
116	3	122	123	
117	3	123	124	
118	3	124	125	
119	3	125	126	
120	3	126	127	
121	3	127	128	
122	3	128	129	
123	3	129	130	
124	3	130	131	
125	3	131	132	
126	3	132	133	
127	3	134	135	
128	3	135	136	
129	3	136	137	
130	3	137	138	
131	3	138	139	
132	3	139	140	
133	3	140	141	
134	3	141	142	
135	3	142	143	
136	3	143	144	
137	3	144	145	
138	3	145	146	
139	3	146	147	
140	3	147	148	
141	3	148	149	
142	3	149	150	
143	3	150	151	
144	3	151	152	
145	3	153	154	
146	3	154	155	
147	3	155	156	
148	3	156	157	
149	3	157	158	
150	3	158	159	
151	3	159	160	
152	3	160	161	
153	3	161	162	
154	3	162	163	
155	3	163	164	
156	3	164	165	
157	3	165	166	
158	3	166	167	
159	3	167	168	
160	3	168	169	
161	3	169	170	
162	3	170	171	
163	3	172	173	
164	3	173	174	
165	3	174	175	
166	3	175	176	
167	3	176	177	
168	3	177	178	
169	3	178	179	
170	3	179	180	
171	3	180	181	
172	3	181	182	
173	3	182	183	
174	3	183	184	
175	2	184	185	
176	2	185	186	
177	3	186	187	
178	3	187	188	
179	3	188	189	
180	2	189	190	
181	1	1	20	
182	3	3	22	
183	3	5	24	
184	3	7	26	
185	3	9	28	
186	3	11	30	
187	3	13	32	
188	3	15	34	
189	3	17	36	
190	3	19	38	
191	3	21	40	
192	3	23	42	
193	3	25	44	
194	3	27	46	
195	3	29	48	
196	3	31	50	
197	3	33	52	
198	3	35	54	
199	3	37	56	
200	2	39	58	
201	3	41	60	
202	3	43	62	
203	3	45	64	
204	3	47	66	
205	3	49	68	
206	3	51	70	
207	3	53	72	
208	3	55	74	
209	2	57	76	
210	3	59	78	
211	3	61	80	
212	3	63	82	
213	3	65	84	
214	3	67	86	
215	3	69	88	
216	3	71	90	
217	3	73	92	
218	3	75	94	
219	3	77	96	
220	3	79	98	
221	3	81	100	
222	3	83	102	
223	3	85	104	
224	3	87	106	
225	3	89	108	
226	3	91	110	
227	3	93	112	
228	1	95	114	
229	3	97	116	
230	3	99	118	
231	3	101	120	
232	3	103	122	
233	3	105	124	
234	3	107	126	
235	3	109	128	
236	3	111	130	
237	3	113	132	
238	3	115	134	
239	3	117	136	
240	3	119	138	
241	3	121	140	
242	3	123	142	
243	3	125	144	
244	3	127	146	
245	3	129	148	
246	3	131	150	
247	3	133	152	
248	3	135	154	
249	3	137	156	
250	3	139	158	
251	3	141	160	
252	3	143	162	
253	3	145	164	
254	3	147	166	
255	3	149	168	
256	3	151	170	
257	3	153	172	
258	3	155	174	
259	3	157	176	
260	3	159	178	
261	3	161	180	
262	3	163	182	
263	3	165	184	
264	3	167	186	
265	3	169	188	
266	2	171	190	
267	4	2	191	
268	4	4	192	
269	5	6	193	
270	5	8	194	
271	5	10	195	
272	5	12	196	
273	5	14	197	
274	4	16	198	
275	5	18	199	
276	5	173	200	
277	5	175	201	
278	5	177	202	
279	5	179	203	
280	5	181	204	
281	5	183	205	
282	4	185	206	
283	5	187	207	
284	5	189	208	
285	4	1	209	
286	4	20	210	
287	5	19	211	
288	5	38	212	
289	5	39	213	
290	4	58	214	
291	5	57	215	
292	4	76	216	
293	5	77	217	
294	5	96	218	
295	4	95	219	
296	4	114	220	
297	5	115	221	
298	5	134	222	
299	5	133	223	
300	5	152	224	
301	5	153	225	
302	5	172	226	
303	5	171	227	
304	4	190	228	
305	6	191	229	
306	6	192	230	
307	6	198	231	
308	6	206	232	
309	6	209	233	
310	6	210	234	
311	6	214	235	
312	6	216	236	
313	6	219	237	
314	6	220	238	
315	6	228	239	
