1	1	1	2	
2	1	2	3	
3	2	3	4	
4	2	4	5	
5	2	5	6	
6	2	6	7	
7	2	7	8	
8	2	8	9	
9	2	9	10	
10	3	10	11	
11	3	11	12	
12	3	12	13	
13	4	13	14	
14	1	14	15	
15	2	15	16	
16	2	16	17	
17	4	18	19	
18	5	19	20	
19	5	20	21	
20	3	21	22	
21	2	22	23	
22	3	23	24	
23	5	24	25	
24	5	25	26	
25	3	26	27	
26	3	27	28	
27	5	28	29	
28	3	29	30	
29	3	30	31	
30	5	31	32	
31	3	32	33	
32	2	33	34	
33	2	35	36	
34	2	36	37	
35	3	37	38	
36	5	38	39	
37	3	39	40	
38	2	40	41	
39	2	41	42	
40	2	42	43	
41	3	43	44	
42	3	44	45	
43	3	45	46	
44	5	46	47	
45	3	47	48	
46	3	48	49	
47	3	49	50	
48	2	50	51	
49	3	52	53	
50	3	53	54	
51	3	54	55	
52	5	55	56	
53	5	56	57	
54	5	57	58	
55	5	58	59	
56	5	59	60	
57	3	60	61	
58	3	61	62	
59	3	62	63	
60	2	63	64	
61	2	64	65	
62	3	65	66	
63	3	66	67	
64	2	67	68	
65	1	69	70	
66	3	70	71	
67	3	71	72	
68	3	72	73	
69	3	73	74	
70	3	74	75	
71	5	75	76	
72	5	76	77	
73	3	77	78	
74	2	78	79	
75	3	79	80	
76	3	80	81	
77	3	81	82	
78	3	82	83	
79	2	83	84	
80	1	84	85	
81	1	86	87	
82	3	87	88	
83	3	88	89	
84	2	89	90	
85	2	90	91	
86	3	91	92	
87	5	92	93	
88	5	93	94	
89	5	94	95	
90	5	95	96	
91	3	96	97	
92	3	97	98	
93	5	98	99	
94	5	99	100	
95	3	100	101	
96	2	101	102	
97	4	103	104	
98	5	104	105	
99	5	105	106	
100	5	106	107	
101	5	107	108	
102	5	108	109	
103	5	109	110	
104	3	110	111	
105	2	111	112	
106	3	112	113	
107	5	113	114	
108	3	114	115	
109	2	115	116	
110	3	116	117	
111	5	117	118	
112	4	118	119	
113	2	120	121	
114	3	121	122	
115	5	122	123	
116	3	123	124	
117	2	124	125	
118	3	125	126	
119	5	126	127	
120	5	127	128	
121	3	128	129	
122	3	129	130	
123	3	130	131	
124	3	131	132	
125	5	132	133	
126	5	133	134	
127	3	134	135	
128	2	135	136	
129	2	137	138	
130	3	138	139	
131	5	139	140	
132	3	140	141	
133	2	141	142	
134	3	142	143	
135	5	143	144	
136	5	144	145	
137	5	145	146	
138	3	146	147	
139	3	147	148	
140	5	148	149	
141	5	149	150	
142	3	150	151	
143	3	151	152	
144	4	152	153	
145	1	154	155	
146	2	155	156	
147	2	156	157	
148	2	157	158	
149	2	158	159	
150	2	159	160	
151	1	160	161	
152	1	161	162	
153	2	162	163	
154	2	163	164	
155	2	164	165	
156	2	165	166	
157	2	166	167	
158	3	167	168	
159	3	168	169	
160	2	169	170	
161	1	1	18	
162	3	3	20	
163	2	5	22	
164	3	7	24	
165	3	9	26	
166	5	11	28	
167	3	13	30	
168	3	15	32	
169	2	17	34	
170	3	19	36	
171	5	21	38	
172	2	23	40	
173	3	25	42	
174	3	27	44	
175	5	29	46	
176	3	31	48	
177	2	33	50	
178	2	35	52	
179	2	37	54	
180	5	39	56	
181	3	41	58	
182	3	43	60	
183	3	45	62	
184	3	47	64	
185	5	49	66	
186	2	51	68	
187	3	53	70	
188	3	55	72	
189	3	57	74	
190	5	59	76	
191	2	61	78	
192	3	63	80	
193	3	65	82	
194	2	67	84	
195	6	69	86	
196	5	71	88	
197	3	73	90	
198	5	75	92	
199	5	77	94	
200	3	79	96	
201	3	81	98	
202	3	83	100	
203	1	85	102	
204	3	87	104	
205	3	89	106	
206	3	91	108	
207	5	93	110	
208	3	95	112	
209	3	97	114	
210	3	99	116	
211	3	101	118	
212	1	103	120	
213	5	105	122	
214	3	107	124	
215	5	109	126	
216	3	111	128	
217	5	113	130	
218	3	115	132	
219	5	117	134	
220	1	119	136	
221	2	121	138	
222	5	123	140	
223	2	125	142	
224	5	127	144	
225	3	129	146	
226	3	131	148	
227	5	133	150	
228	3	135	152	
229	1	137	154	
230	3	139	156	
231	2	141	158	
232	3	143	160	
233	3	145	162	
234	2	147	164	
235	3	149	166	
236	3	151	168	
237	1	153	170	
238	7	2	171	
239	8	4	172	
240	8	6	173	
241	8	8	174	
242	8	10	175	
243	8	12	176	
244	7	14	177	
245	8	16	178	
246	8	155	179	
247	8	157	180	
248	8	159	181	
249	7	161	182	
250	8	163	183	
251	8	165	184	
252	8	167	185	
253	8	169	186	
254	8	1	187	
255	7	18	188	
256	8	17	189	
257	8	34	190	
258	8	35	191	
259	8	52	192	
260	8	51	193	
261	8	68	194	
262	7	69	195	
263	7	86	196	
264	7	85	197	
265	8	102	198	
266	7	103	199	
267	8	120	200	
268	7	119	201	
269	8	136	202	
270	8	137	203	
271	7	154	204	
272	7	153	205	
273	8	170	206	
274	9	171	207	
275	9	177	208	
276	9	182	209	
277	9	188	210	
278	9	195	211	
279	9	196	212	
280	9	197	213	
281	9	199	214	
282	9	201	215	
283	9	204	216	
284	9	205	217	
285	10	76	218	
286	11	218	219	
287	10	94	220	
288	11	220	221	
289	10	96	222	
290	11	222	223	
291	10	77	224	
292	11	224	225	
293	10	98	226	
294	11	226	227	
295	10	114	228	
296	11	228	229	
297	10	80	230	
298	11	230	231	
299	10	92	232	
300	11	232	233	
301	10	62	234	
302	11	234	235	
303	10	109	236	
304	11	236	237	
305	10	82	238	
306	11	238	239	
307	10	100	240	
308	11	240	241	
309	10	118	242	
310	11	242	243	
311	10	46	244	
312	11	244	245	
313	10	113	246	
314	11	246	247	
315	10	75	248	
316	11	248	249	
317	10	117	250	
318	11	250	251	
319	10	130	252	
320	11	252	253	
321	10	133	254	
322	11	254	255	
323	10	47	256	
324	11	256	257	
325	10	108	258	
326	11	258	259	
327	10	127	260	
328	11	260	261	
329	10	99	262	
330	11	262	263	
331	10	49	264	
332	11	264	265	
333	10	29	266	
334	11	266	267	
335	10	11	268	
336	11	268	269	
337	10	95	270	
338	11	270	271	
339	10	152	272	
340	11	272	273	
341	10	168	274	
342	11	274	275	
343	10	134	276	
344	11	276	277	
345	10	31	278	
346	11	278	279	
347	10	59	280	
348	11	280	281	
349	10	93	282	
350	11	282	283	
351	10	60	284	
352	11	284	285	
353	10	150	286	
354	11	286	287	
355	10	66	288	
356	11	288	289	
357	10	144	290	
358	11	290	291	
359	10	107	292	
360	11	292	293	
361	10	128	294	
362	11	294	295	
363	10	13	296	
364	11	296	297	
365	10	44	298	
366	11	298	299	
367	10	28	300	
368	11	300	301	
369	10	145	302	
370	11	302	303	
371	10	110	304	
372	11	304	305	
373	10	123	306	
374	11	306	307	
375	10	122	308	
376	11	308	309	
377	10	57	310	
378	11	310	311	
379	10	106	312	
380	11	312	313	
381	10	58	314	
382	11	314	315	
383	10	139	316	
384	11	316	317	
385	10	140	318	
386	11	318	319	
387	10	88	320	
388	11	320	321	
389	10	71	322	
390	11	322	323	
391	10	56	324	
392	11	324	325	
393	10	55	326	
394	11	326	327	
395	10	38	328	
396	11	328	329	
397	10	39	330	
398	11	330	331	
399	10	105	332	
400	11	332	333	
401	10	143	334	
402	11	334	335	
403	10	53	336	
404	11	336	337	
405	10	146	338	
406	11	338	339	
407	10	73	340	
408	11	340	341	
409	10	32	342	
410	11	342	343	
411	10	149	344	
412	11	344	345	
413	10	148	346	
414	11	346	347	
415	10	132	348	
416	11	348	349	
417	10	126	350	
418	11	350	351	
419	10	20	352	
420	11	352	353	
421	10	19	354	
422	11	354	355	
423	10	21	356	
424	11	356	357	
425	10	26	358	
426	11	358	359	
427	10	25	360	
428	11	360	361	
429	10	104	362	
430	11	362	363	
431	10	24	364	
432	11	364	365	
