1	1	11	0.15	0	0	0	
2	1	11	0.15	1.2253	-0.7074	0	
3	1	1	0	2.4505	0	0	
4	1	11	0.15	3.6758	-0.7074	0	
5	1	1	0	4.901	0	0	
6	1	1	-0.115	6.1263	-0.7074	0	
7	1	1	0	7.3515	0	0	
8	1	1	-0.115	8.5768	-0.7074	0	
9	1	1	0	9.802	0	0	
10	1	1	-0.115	11.0273	-0.7074	0	
11	1	1	0	12.2525	0	0	
12	1	11	0.15	13.4778	-0.7074	0	
13	1	1	-0.115	14.703	0	0	
14	1	1	-0.115	0	1.4148	0	
15	1	1	0	1.2253	2.1222	0	
16	1	1	0	2.4505	1.4148	0	
17	1	1	0	3.6758	2.1222	0	
18	1	1	0	4.901	1.4148	0	
19	1	1	0	6.1263	2.1222	0	
20	1	1	0	7.3515	1.4148	0	
21	1	1	0	8.5768	2.1222	0	
22	1	1	0	9.802	1.4148	0	
23	1	1	0	11.0273	2.1222	0	
24	1	1	0	12.2525	1.4148	0	
25	1	1	0	13.4778	2.1222	0	
26	1	11	0.15	14.703	1.4148	0	
27	1	1	-0.115	0	4.2444	0	
28	1	1	0	1.2253	3.537	0	
29	1	1	0	2.4505	4.2444	0	
30	1	1	0	3.6758	3.537	0	
31	1	1	0	4.901	4.2444	0	
32	1	1	0	6.1263	3.537	0	
33	1	1	0	7.3515	4.2444	0	
34	1	1	0	8.5768	3.537	0	
35	1	1	0	9.802	4.2444	0	
36	1	1	0	11.0273	3.537	0	
37	1	1	0	12.2525	4.2444	0	
38	1	1	0	13.4778	3.537	0	
39	1	1	-0.115	14.703	4.2444	0	
40	1	1	-0.115	0	5.6592	0	
41	1	1	0	1.2253	6.3666	0	
42	1	1	0	2.4505	5.6592	0	
43	1	1	0	3.6758	6.3666	0	
44	1	1	0	4.901	5.6592	0	
45	1	1	0	6.1263	6.3666	0	
46	1	1	0	7.3515	5.6592	0	
47	1	1	0	8.5768	6.3666	0	
48	1	1	0	9.802	5.6592	0	
49	1	1	0	11.0273	6.3666	0	
50	1	1	0	12.2525	5.6592	0	
51	1	1	0	13.4778	6.3666	0	
52	1	11	0.15	14.703	5.6592	0	
53	1	1	-0.115	0	8.4888	0	
54	1	1	0	1.2253	7.7814	0	
55	1	1	0	2.4505	8.4888	0	
56	1	1	0	3.6758	7.7814	0	
57	1	1	0	4.901	8.4888	0	
58	1	1	0	6.1263	7.7814	0	
59	1	1	0	7.3515	8.4888	0	
60	1	1	0	8.5768	7.7814	0	
61	1	1	0	9.802	8.4888	0	
62	1	1	0	11.0273	7.7814	0	
63	1	1	0	12.2525	8.4888	0	
64	1	1	0	13.4778	7.7814	0	
65	1	11	0.15	14.703	8.4888	0	
66	1	11	0.15	0	9.9036	0	
67	1	1	0	1.2253	10.611	0	
68	1	1	0	2.4505	9.9036	0	
69	1	1	0	3.6758	10.611	0	
70	1	1	0	4.901	9.9036	0	
71	1	1	0	6.1263	10.611	0	
72	1	1	0	7.3515	9.9036	0	
73	1	1	0	8.5768	10.611	0	
74	1	1	0	9.802	9.9036	0	
75	1	1	0	11.0273	10.611	0	
76	1	1	0	12.2525	9.9036	0	
77	1	1	0	13.4778	10.611	0	
78	1	1	-0.115	14.703	9.9036	0	
79	1	1	-0.115	0	12.7332	0	
80	1	1	0	1.2253	12.0258	0	
81	1	1	0	2.4505	12.7332	0	
82	1	1	0	3.6758	12.0258	0	
83	1	1	0	4.901	12.7332	0	
84	1	1	0	6.1263	12.0258	0	
85	1	1	0	7.3515	12.7332	0	
86	1	1	0	8.5768	12.0258	0	
87	1	1	0	9.802	12.7332	0	
88	1	1	0	11.0273	12.0258	0	
89	1	1	0	12.2525	12.7332	0	
90	1	1	0	13.4778	12.0258	0	
91	1	1	-0.115	14.703	12.7332	0	
92	1	1	-0.115	0	14.148	0	
93	1	1	-0.115	1.2253	14.8554	0	
94	1	1	0	2.4505	14.148	0	
95	1	1	-0.115	3.6758	14.8554	0	
96	1	1	0	4.901	14.148	0	
97	1	11	0.15	6.1263	14.8554	0	
98	1	1	0	7.3515	14.148	0	
99	1	11	0.15	8.5768	14.8554	0	
100	1	1	0	9.802	14.148	0	
101	1	11	0.15	11.0273	14.8554	0	
102	1	1	0	12.2525	14.148	0	
103	1	1	-0.115	13.4778	14.8554	0	
104	1	1	-0.115	14.703	14.148	0	
105	1	7	-0.585	1.2253	-2.1074	0	
106	1	7	-0.585	3.6758	-2.1074	0	
107	1	2	0.115	6.1263	-1.7844	0	
108	1	2	0.115	8.5768	-1.7844	0	
109	1	2	0.115	11.0273	-1.7844	0	
110	1	7	-0.585	13.4778	-2.1074	0	
111	1	2	0.115	1.2253	15.9324	0	
112	1	2	0.115	3.6758	15.9324	0	
113	1	7	-0.585	6.1263	16.2554	0	
114	1	7	-0.585	8.5768	16.2554	0	
115	1	7	-0.585	11.0273	16.2554	0	
116	1	2	0.115	13.4778	15.9324	0	
117	1	7	-0.585	-1.2124	-0.7	0	
118	1	2	0.115	-0.93271	1.9533	0	
119	1	2	0.115	15.6357	-0.5385	0	
120	1	7	-0.585	15.9155	2.1148	0	
121	1	2	0.115	-0.93271	3.7059	0	
122	1	2	0.115	-0.93271	6.1977	0	
123	1	2	0.115	15.6357	3.7059	0	
124	1	7	-0.585	15.9155	6.3592	0	
125	1	2	0.115	-0.93271	7.9503	0	
126	1	7	-0.585	-1.2124	10.6036	0	
127	1	7	-0.585	15.9155	7.7888	0	
128	1	2	0.115	15.6357	10.4421	0	
129	1	2	0.115	-0.93271	12.1947	0	
130	1	2	0.115	-0.93271	14.6865	0	
131	1	2	0.115	15.6357	12.1947	0	
132	1	2	0.115	15.6357	14.6865	0	
133	1	5	0.435	1.2253	-2.8074	0.7	
134	1	5	0.435	3.6758	-2.8074	-0.7	
135	1	5	0.435	13.4778	-2.8074	-0.7	
136	1	5	0.435	6.1263	16.9554	-0.7	
137	1	5	0.435	8.5768	16.9554	-0.7	
138	1	5	0.435	11.0273	16.9554	-0.7	
139	1	5	0.435	-1.8187	-1.05	-0.7	
140	1	5	0.435	16.5217	2.4648	0.7	
141	1	5	0.435	16.5217	6.7092	-0.7	
142	1	5	0.435	-1.8187	10.9536	0.7	
143	1	5	0.435	16.5217	7.4388	-0.7	
