1	1	63	1	2	3	
2	2	63	1	2	55	
3	3	10	1	2	3	
4	4	10	1	2	55	
5	5	1	2	3	12	
6	6	1	2	3	4	
7	7	55	2	3	12	
8	8	55	2	3	4	
9	9	12	3	4	5	
10	1	12	3	4	56	
11	9	2	3	4	5	
12	1	2	3	4	56	
13	10	3	4	5	6	
14	9	3	4	5	14	
15	11	56	4	5	6	
16	1	56	4	5	14	
17	11	4	5	6	57	
18	10	4	5	6	7	
19	1	14	5	6	57	
20	9	14	5	6	7	
21	1	57	6	7	16	
22	1	57	6	7	8	
23	9	5	6	7	16	
24	9	5	6	7	8	
25	5	16	7	8	9	
26	7	16	7	8	58	
27	6	6	7	8	9	
28	8	6	7	8	58	
29	2	58	8	9	65	
30	12	58	8	9	18	
31	1	7	8	9	65	
32	9	7	8	9	18	
33	3	1	10	11	20	
34	3	1	10	11	12	
35	1	64	10	11	20	
36	1	64	10	11	12	
37	13	20	11	12	13	
38	13	20	11	12	3	
39	5	10	11	12	13	
40	5	10	11	12	3	
41	13	11	12	13	14	
42	13	11	12	13	22	
43	13	3	12	13	14	
44	13	3	12	13	22	
45	13	12	13	14	5	
46	13	12	13	14	15	
47	13	22	13	14	5	
48	13	22	13	14	15	
49	13	5	14	15	24	
50	13	5	14	15	16	
51	13	13	14	15	24	
52	13	13	14	15	16	
53	13	24	15	16	17	
54	13	24	15	16	7	
55	13	14	15	16	17	
56	13	14	15	16	7	
57	13	7	16	17	18	
58	13	7	16	17	26	
59	13	15	16	17	18	
60	13	15	16	17	26	
61	5	26	17	18	9	
62	7	26	17	18	66	
63	5	16	17	18	9	
64	7	16	17	18	66	
65	13	28	19	20	21	
66	13	28	19	20	11	
67	7	67	19	20	21	
68	7	67	19	20	11	
69	13	19	20	21	22	
70	13	19	20	21	30	
71	13	11	20	21	22	
72	13	11	20	21	30	
73	13	20	21	22	13	
74	13	20	21	22	23	
75	13	30	21	22	13	
76	13	30	21	22	23	
77	13	13	22	23	32	
78	13	13	22	23	24	
79	13	21	22	23	32	
80	13	21	22	23	24	
81	13	32	23	24	25	
82	13	32	23	24	15	
83	13	22	23	24	25	
84	13	22	23	24	15	
85	13	15	24	25	26	
86	13	15	24	25	34	
87	13	23	24	25	26	
88	13	23	24	25	34	
89	13	34	25	26	17	
90	13	34	25	26	27	
91	13	24	25	26	17	
92	13	24	25	26	27	
93	5	25	26	27	36	
94	7	25	26	27	69	
95	5	17	26	27	36	
96	7	17	26	27	69	
97	13	19	28	29	30	
98	13	19	28	29	38	
99	7	68	28	29	30	
100	7	68	28	29	38	
101	13	28	29	30	21	
102	13	28	29	30	31	
103	13	38	29	30	21	
104	13	38	29	30	31	
105	13	21	30	31	40	
106	13	21	30	31	32	
107	13	29	30	31	40	
108	13	29	30	31	32	
109	13	40	31	32	33	
110	13	40	31	32	23	
111	13	30	31	32	33	
112	13	30	31	32	23	
113	13	23	32	33	34	
114	13	23	32	33	42	
115	13	31	32	33	34	
116	13	31	32	33	42	
117	13	42	33	34	25	
118	13	42	33	34	35	
119	13	32	33	34	25	
120	13	32	33	34	35	
121	5	33	34	35	36	
122	13	33	34	35	44	
123	5	25	34	35	36	
124	13	25	34	35	44	
125	9	34	35	36	27	
126	1	34	35	36	70	
127	9	44	35	36	27	
128	1	44	35	36	70	
129	7	71	37	38	29	
130	7	71	37	38	39	
131	5	46	37	38	29	
132	5	46	37	38	39	
133	13	29	38	39	48	
134	13	29	38	39	40	
135	13	37	38	39	48	
136	13	37	38	39	40	
137	13	48	39	40	41	
138	13	48	39	40	31	
139	13	38	39	40	41	
140	13	38	39	40	31	
141	13	31	40	41	42	
142	13	31	40	41	50	
143	13	39	40	41	42	
144	13	39	40	41	50	
145	13	50	41	42	33	
146	13	50	41	42	43	
147	13	40	41	42	33	
148	13	40	41	42	43	
149	13	41	42	43	44	
150	13	41	42	43	52	
151	13	33	42	43	44	
152	13	33	42	43	52	
153	5	42	43	44	45	
154	13	42	43	44	35	
155	5	52	43	44	45	
156	13	52	43	44	35	
157	1	43	44	45	73	
158	3	43	44	45	54	
159	1	35	44	45	73	
160	3	35	44	45	54	
161	12	37	46	47	59	
162	9	37	46	47	48	
163	2	72	46	47	59	
164	1	72	46	47	48	
165	7	59	47	48	49	
166	7	59	47	48	39	
167	5	46	47	48	49	
168	5	46	47	48	39	
169	13	39	48	49	50	
170	7	39	48	49	60	
171	13	47	48	49	50	
172	7	47	48	49	60	
173	7	60	49	50	41	
174	8	60	49	50	51	
175	13	48	49	50	41	
176	5	48	49	50	51	
177	9	49	50	51	52	
178	1	49	50	51	61	
179	9	41	50	51	52	
180	1	41	50	51	61	
181	9	50	51	52	53	
182	9	50	51	52	43	
183	1	61	51	52	53	
184	1	61	51	52	43	
185	6	51	52	53	54	
186	8	51	52	53	62	
187	5	43	52	53	54	
188	7	43	52	53	62	
189	3	52	53	54	45	
190	1	52	53	54	74	
191	4	62	53	54	45	
192	2	62	53	54	74	
193	14	2	1	10	11	
194	15	2	1	10	64	
195	15	63	1	10	11	
196	16	63	1	10	64	
197	13	2	3	12	11	
198	13	2	3	12	13	
199	5	4	3	12	11	
200	5	4	3	12	13	
201	5	4	5	14	13	
202	5	4	5	14	15	
203	5	6	5	14	13	
204	5	6	5	14	15	
205	5	6	7	16	17	
206	5	6	7	16	15	
207	13	8	7	16	17	
208	13	8	7	16	15	
209	1	65	9	18	17	
210	2	65	9	18	66	
211	9	8	9	18	17	
212	12	8	9	18	66	
213	5	10	11	20	19	
214	5	10	11	20	21	
215	13	12	11	20	19	
216	13	12	11	20	21	
217	13	12	13	22	21	
218	13	12	13	22	23	
219	13	14	13	22	21	
220	13	14	13	22	23	
221	13	14	15	24	25	
222	13	14	15	24	23	
223	13	16	15	24	25	
224	13	16	15	24	23	
225	13	18	17	26	25	
226	13	18	17	26	27	
227	13	16	17	26	25	
228	13	16	17	26	27	
229	17	67	19	28	68	
230	7	67	19	28	29	
231	7	20	19	28	68	
232	13	20	19	28	29	
233	13	20	21	30	29	
234	13	20	21	30	31	
235	13	22	21	30	29	
236	13	22	21	30	31	
237	13	22	23	32	33	
238	13	22	23	32	31	
239	13	24	23	32	33	
240	13	24	23	32	31	
241	13	26	25	34	33	
242	13	26	25	34	35	
243	13	24	25	34	33	
244	13	24	25	34	35	
245	9	26	27	36	35	
246	1	26	27	36	70	
247	12	69	27	36	35	
248	2	69	27	36	70	
249	13	28	29	38	37	
250	13	28	29	38	39	
251	13	30	29	38	37	
252	13	30	29	38	39	
253	13	30	31	40	41	
254	13	30	31	40	39	
255	13	32	31	40	41	
256	13	32	31	40	39	
257	13	34	33	42	41	
258	13	34	33	42	43	
259	13	32	33	42	41	
260	13	32	33	42	43	
261	13	34	35	44	43	
262	5	34	35	44	45	
263	5	36	35	44	43	
264	6	36	35	44	45	
265	9	38	37	46	47	
266	1	38	37	46	72	
267	12	71	37	46	47	
268	2	71	37	46	72	
269	13	38	39	48	49	
270	13	38	39	48	47	
271	13	40	39	48	49	
272	13	40	39	48	47	
273	13	42	41	50	49	
274	5	42	41	50	51	
275	13	40	41	50	49	
276	5	40	41	50	51	
277	5	42	43	52	51	
278	13	42	43	52	53	
279	5	44	43	52	51	
280	13	44	43	52	53	
281	15	73	45	54	53	
282	16	73	45	54	74	
283	14	44	45	54	53	
284	15	44	45	54	74	
285	18	3	4	56	75	
286	18	5	4	56	75	
287	18	5	6	57	76	
288	18	7	6	57	76	
289	18	50	51	61	77	
290	18	52	51	61	77	
291	18	2	1	63	78	
292	19	10	1	63	78	
293	19	1	10	64	79	
294	18	11	10	64	79	
295	18	18	9	65	80	
296	18	8	9	65	80	
297	18	35	36	70	81	
298	18	27	36	70	81	
299	18	37	46	72	82	
300	18	47	46	72	82	
301	18	44	45	73	83	
302	19	54	45	73	83	
303	19	45	54	74	84	
304	18	53	54	74	84	
