1	1	11	0.15	0	0	0	
2	1	11	0.15	1.2253	-0.7074	0	
3	1	1	0	2.4505	0	0	
4	1	1	-0.115	3.6758	-0.7074	0	
5	1	1	0	4.901	0	0	
6	1	1	-0.115	6.1263	-0.7074	0	
7	1	1	0	7.3515	0	0	
8	1	11	0.15	8.5768	-0.7074	0	
9	1	1	0	9.802	0	0	
10	1	11	0.15	11.0273	-0.7074	0	
11	1	1	0	12.2525	0	0	
12	1	11	0.15	13.4778	-0.7074	0	
13	1	1	0	14.703	0	0	
14	1	1	-0.115	15.9283	-0.7074	0	
15	1	1	0	17.1535	0	0	
16	1	11	0.15	18.3788	-0.7074	0	
17	1	1	-0.115	19.604	0	0	
18	1	11	0.15	0	1.4148	0	
19	1	1	0	1.2253	2.1222	0	
20	1	1	0	2.4505	1.4148	0	
21	1	1	0	3.6758	2.1222	0	
22	1	1	0	4.901	1.4148	0	
23	1	1	0	6.1263	2.1222	0	
24	1	1	0	7.3515	1.4148	0	
25	1	1	0	8.5768	2.1222	0	
26	1	1	0	9.802	1.4148	0	
27	1	1	0	11.0273	2.1222	0	
28	1	1	0	12.2525	1.4148	0	
29	1	1	0	13.4778	2.1222	0	
30	1	1	0	14.703	1.4148	0	
31	1	1	0	15.9283	2.1222	0	
32	1	1	0	17.1535	1.4148	0	
33	1	1	0	18.3788	2.1222	0	
34	1	11	0.15	19.604	1.4148	0	
35	1	11	0.15	0	4.2444	0	
36	1	1	0	1.2253	3.537	0	
37	1	1	0	2.4505	4.2444	0	
38	1	1	0	3.6758	3.537	0	
39	1	1	0	4.901	4.2444	0	
40	1	1	0	6.1263	3.537	0	
41	1	1	0	7.3515	4.2444	0	
42	1	1	0	8.5768	3.537	0	
43	1	1	0	9.802	4.2444	0	
44	1	1	0	11.0273	3.537	0	
45	1	1	0	12.2525	4.2444	0	
46	1	1	0	13.4778	3.537	0	
47	1	1	0	14.703	4.2444	0	
48	1	1	0	15.9283	3.537	0	
49	1	1	0	17.1535	4.2444	0	
50	1	1	0	18.3788	3.537	0	
51	1	11	0.15	19.604	4.2444	0	
52	1	11	0.15	0	5.6592	0	
53	1	1	0	1.2253	6.3666	0	
54	1	1	0	2.4505	5.6592	0	
55	1	1	0	3.6758	6.3666	0	
56	1	1	0	4.901	5.6592	0	
57	1	1	0	6.1263	6.3666	0	
58	1	1	0	7.3515	5.6592	0	
59	1	1	0	8.5768	6.3666	0	
60	1	1	0	9.802	5.6592	0	
61	1	1	0	11.0273	6.3666	0	
62	1	1	0	12.2525	5.6592	0	
63	1	1	0	13.4778	6.3666	0	
64	1	1	0	14.703	5.6592	0	
65	1	1	0	15.9283	6.3666	0	
66	1	1	0	17.1535	5.6592	0	
67	1	1	0	18.3788	6.3666	0	
68	1	11	0.15	19.604	5.6592	0	
69	1	11	0.15	0	8.4888	0	
70	1	1	0	1.2253	7.7814	0	
71	1	1	0	2.4505	8.4888	0	
72	1	1	0	3.6758	7.7814	0	
73	1	1	0	4.901	8.4888	0	
74	1	1	0	6.1263	7.7814	0	
75	1	1	0	7.3515	8.4888	0	
76	1	1	0	8.5768	7.7814	0	
77	1	1	0	9.802	8.4888	0	
78	1	1	0	11.0273	7.7814	0	
79	1	1	0	12.2525	8.4888	0	
80	1	1	0	13.4778	7.7814	0	
81	1	1	0	14.703	8.4888	0	
82	1	1	0	15.9283	7.7814	0	
83	1	1	0	17.1535	8.4888	0	
84	1	1	0	18.3788	7.7814	0	
85	1	1	-0.115	19.604	8.4888	0	
86	1	11	0.15	0	9.9036	0	
87	1	1	0	1.2253	10.611	0	
88	1	1	0	2.4505	9.9036	0	
89	1	1	0	3.6758	10.611	0	
90	1	1	0	4.901	9.9036	0	
91	1	1	0	6.1263	10.611	0	
92	1	1	0	7.3515	9.9036	0	
93	1	1	0	8.5768	10.611	0	
94	1	1	0	9.802	9.9036	0	
95	1	1	0	11.0273	10.611	0	
96	1	1	0	12.2525	9.9036	0	
97	1	1	0	13.4778	10.611	0	
98	1	1	0	14.703	9.9036	0	
99	1	1	0	15.9283	10.611	0	
100	1	1	0	17.1535	9.9036	0	
101	1	1	0	18.3788	10.611	0	
102	1	11	0.15	19.604	9.9036	0	
103	1	1	-0.115	0	12.7332	0	
104	1	1	0	1.2253	12.0258	0	
105	1	1	0	2.4505	12.7332	0	
106	1	1	0	3.6758	12.0258	0	
107	1	1	0	4.901	12.7332	0	
108	1	1	0	6.1263	12.0258	0	
109	1	1	0	7.3515	12.7332	0	
110	1	1	0	8.5768	12.0258	0	
111	1	1	0	9.802	12.7332	0	
112	1	1	0	11.0273	12.0258	0	
113	1	1	0	12.2525	12.7332	0	
114	1	1	0	13.4778	12.0258	0	
115	1	1	0	14.703	12.7332	0	
116	1	1	0	15.9283	12.0258	0	
117	1	1	0	17.1535	12.7332	0	
118	1	1	0	18.3788	12.0258	0	
119	1	11	0.15	19.604	12.7332	0	
120	1	11	0.15	0	14.148	0	
121	1	1	0	1.2253	14.8554	0	
122	1	1	0	2.4505	14.148	0	
123	1	1	0	3.6758	14.8554	0	
124	1	1	0	4.901	14.148	0	
125	1	1	0	6.1263	14.8554	0	
126	1	1	0	7.3515	14.148	0	
127	1	1	0	8.5768	14.8554	0	
128	1	1	0	9.802	14.148	0	
129	1	1	0	11.0273	14.8554	0	
130	1	1	0	12.2525	14.148	0	
131	1	1	0	13.4778	14.8554	0	
132	1	1	0	14.703	14.148	0	
133	1	1	0	15.9283	14.8554	0	
134	1	1	0	17.1535	14.148	0	
135	1	1	0	18.3788	14.8554	0	
136	1	11	0.15	19.604	14.148	0	
137	1	1	-0.115	0	16.9776	0	
138	1	1	0	1.2253	16.2702	0	
139	1	1	0	2.4505	16.9776	0	
140	1	1	0	3.6758	16.2702	0	
141	1	1	0	4.901	16.9776	0	
142	1	1	0	6.1263	16.2702	0	
143	1	1	0	7.3515	16.9776	0	
144	1	1	0	8.5768	16.2702	0	
145	1	1	0	9.802	16.9776	0	
146	1	1	0	11.0273	16.2702	0	
147	1	1	0	12.2525	16.9776	0	
148	1	1	0	13.4778	16.2702	0	
149	1	1	0	14.703	16.9776	0	
150	1	1	0	15.9283	16.2702	0	
151	1	1	0	17.1535	16.9776	0	
152	1	1	0	18.3788	16.2702	0	
153	1	11	0.15	19.604	16.9776	0	
154	1	11	0.15	0	18.3924	0	
155	1	1	-0.115	1.2253	19.0998	0	
156	1	1	0	2.4505	18.3924	0	
157	1	1	-0.115	3.6758	19.0998	0	
158	1	1	0	4.901	18.3924	0	
159	1	1	-0.115	6.1263	19.0998	0	
160	1	1	0	7.3515	18.3924	0	
161	1	11	0.15	8.5768	19.0998	0	
162	1	1	0	9.802	18.3924	0	
163	1	11	0.15	11.0273	19.0998	0	
164	1	1	0	12.2525	18.3924	0	
165	1	11	0.15	13.4778	19.0998	0	
166	1	1	0	14.703	18.3924	0	
167	1	1	-0.115	15.9283	19.0998	0	
168	1	1	0	17.1535	18.3924	0	
169	1	11	0.15	18.3788	19.0998	0	
170	1	11	0.15	19.604	18.3924	0	
171	1	7	-0.585	1.2253	-2.1074	0	
172	1	2	0.115	3.6758	-1.7844	0	
173	1	2	0.115	6.1263	-1.7844	0	
174	1	7	-0.585	8.5768	-2.1074	0	
175	1	7	-0.585	11.0273	-2.1074	0	
176	1	7	-0.585	13.4778	-2.1074	0	
177	1	2	0.115	15.9283	-1.7844	0	
178	1	7	-0.585	18.3788	-2.1074	0	
179	1	2	0.115	1.2253	20.1768	0	
180	1	2	0.115	3.6758	20.1768	0	
181	1	2	0.115	6.1263	20.1768	0	
182	1	7	-0.585	8.5768	20.4998	0	
183	1	7	-0.585	11.0273	20.4998	0	
184	1	7	-0.585	13.4778	20.4998	0	
185	1	2	0.115	15.9283	20.1768	0	
186	1	7	-0.585	18.3788	20.4998	0	
187	1	7	-0.585	-1.2124	-0.7	0	
188	1	7	-0.585	-1.2124	2.1148	0	
189	1	2	0.115	20.5368	-0.5385	0	
190	1	7	-0.585	20.8165	2.1148	0	
191	1	7	-0.585	-1.2124	3.5444	0	
192	1	7	-0.585	-1.2124	6.3592	0	
193	1	7	-0.585	20.8165	3.5444	0	
194	1	7	-0.585	20.8165	6.3592	0	
195	1	7	-0.585	-1.2124	7.7888	0	
196	1	7	-0.585	-1.2124	10.6036	0	
197	1	2	0.115	20.5368	7.9503	0	
198	1	7	-0.585	20.8165	10.6036	0	
199	1	2	0.115	-0.93271	12.1947	0	
200	1	7	-0.585	-1.2124	14.848	0	
201	1	7	-0.585	20.8165	12.0332	0	
202	1	7	-0.585	20.8165	14.848	0	
203	1	2	0.115	-0.93271	16.4391	0	
204	1	7	-0.585	-1.2124	19.0924	0	
205	1	7	-0.585	20.8165	16.2776	0	
206	1	7	-0.585	20.8165	19.0924	0	
207	1	5	0.435	1.2253	-2.8074	0.7	
208	1	5	0.435	8.5768	-2.8074	0.7	
209	1	5	0.435	11.0273	-2.8074	-0.7	
210	1	5	0.435	13.4778	-2.8074	0.7	
211	1	5	0.435	18.3788	-2.8074	-0.7	
212	1	5	0.435	8.5768	21.1998	-0.7	
213	1	5	0.435	11.0273	21.1998	0.7	
214	1	5	0.435	13.4778	21.1998	0.7	
215	1	5	0.435	18.3788	21.1998	0.7	
216	1	5	0.435	-1.8187	-1.05	-0.7	
217	1	5	0.435	-1.8187	2.4648	0.7	
218	1	5	0.435	21.4227	2.4648	-0.7	
219	1	5	0.435	-1.8187	3.1944	-0.7	
220	1	5	0.435	-1.8187	6.7092	0.7	
221	1	5	0.435	21.4227	3.1944	0.7	
222	1	5	0.435	21.4227	6.7092	-0.7	
223	1	5	0.435	-1.8187	7.4388	0.7	
224	1	5	0.435	-1.8187	10.9536	0.7	
225	1	5	0.435	21.4227	10.9536	-0.7	
226	1	5	0.435	-1.8187	15.198	-0.7	
227	1	5	0.435	21.4227	11.6832	-0.7	
228	1	5	0.435	21.4227	15.198	0.7	
229	1	5	0.435	-1.8187	19.4424	0.7	
230	1	5	0.435	21.4227	15.9276	-0.7	
231	1	5	0.435	21.4227	19.4424	-0.7	
